233168
4613732
6857
906609
232792560
25164150
104743
23514624000
31875000
142913828922
70600674
76576500
5537376230
837799
137846528820
1366
21124
1074
171
648
31626
871198282
4179871
2783915460
4782
983
-59231
669171001
9183
443839
73682
45228
100
40730
55
872187
748317
932718654
840
210
7652413
162
16695334890
5482660
1533776805
5777
134043
9110846700
296962999629
997651
121313
142857
4075
376
249
972
153
26241
107359
26033
28684
127035954683
49
1322
272
661
7273
6531031914842725
510510
8319823
428570
303963552391
7295372
402
161667
190569291
71
55374
73162890
40886
427337
260324
425185
101524
2772
1818
1097343
7587457
743
1217
14234
8581146
1258
518408346
14316
24702
8739992577
18769
709
756872327473
37076114526
228
20313839404245
329468
73702
